world: 6d56e91a-6062-4d0a-b014-76fb9ac52f40
world-name: world_the_end
x: 254.20084044966896
y: 1.0
z: -75.56248696563658
yaw: 117.00231170654297
pitch: 11.904613494873047
name: farm
lastowner: 53158fa8-cf28-3732-ad83-b17965d36131
