world: f93ec086-8bd0-4249-a8df-de36ed1dbd2a
world-name: world
x: 91.10819971945581
y: 80.0
z: 241.2934363752309
yaw: 0.31298828125
pitch: -0.8999691009521484
name: kho
lastowner: 53158fa8-cf28-3732-ad83-b17965d36131
