world: b854a57e-2630-4489-b725-67b5bcfc838b
world-name: world_nether
x: 21.776066873300962
y: 49.0
z: 17.19214096190243
yaw: 40.91472244262695
pitch: 5.004662036895752
name: nether
lastowner: 53158fa8-cf28-3732-ad83-b17965d36131
