world: f93ec086-8bd0-4249-a8df-de36ed1dbd2a
world-name: world
x: 202.63621284227517
y: 77.0
z: 215.81178787938504
yaw: 14.064868927001953
pitch: 8.004673957824707
name: spawn
lastowner: 53158fa8-cf28-3732-ad83-b17965d36131
